Accuracy: 0.2793733681462141
Precision: 0.07804947882936007
Recall: 0.2793733681462141
F1 Micro: 0.2793733681462141
F1 Macro: 0.062390670553935865
