Accuracy: 0.2789473684210526
Precision: 0.07781163434903046
Recall: 0.2789473684210526
F1 Micro: 0.2789473684210526
F1 Macro: 0.06231628453850676
